Legami: 525 su 1016 atomi
Grado 0: 32 molecole
Grado 1: 125 molecole
Grado 2: 172 molecole
Grado 3: 126 molecole
Grado 4: 42 molecole
Grado 5: 7 molecole
Cluster 1: 440 molecole - 1 2 3 4 5 6 9 10 12 14 15 16 17 18 19 20 25 26 27 28 29 31 32 33 34 35 36 37 38 39 40 42 43 45 46 47 48 49 50 51 52 53 54 55 56 57 58 59 62 65 66 67 68 69 70 71 72 73 74 75 76 77 78 79 80 81 82 83 84 85 86 87 89 90 91 93 94 95 96 97 98 99 100 101 102 103 104 105 106 108 109 110 111 112 113 114 115 116 117 119 120 121 122 123 124 125 126 127 128 129 130 131 132 133 134 135 136 137 138 139 141 142 143 145 146 147 148 149 150 151 152 153 154 155 156 157 159 160 161 162 163 164 165 166 167 168 169 170 171 172 173 174 175 176 177 178 179 180 181 182 183 184 185 186 187 188 189 190 191 192 194 196 197 198 199 200 202 203 204 205 206 208 209 210 211 212 213 214 215 216 217 218 219 220 221 222 223 225 227 228 229 230 231 232 235 236 237 238 239 241 243 244 245 246 248 249 250 251 252 253 254 256 257 258 259 260 261 262 263 264 265 266 267 268 272 273 274 275 276 277 278 279 280 281 283 284 285 286 287 288 290 291 292 293 296 297 298 299 300 301 302 303 304 305 306 307 308 309 310 311 312 313 314 315 316 317 318 319 320 321 322 323 324 325 326 327 328 329 330 331 333 334 335 336 337 338 339 340 341 342 343 344 345 346 347 348 349 350 351 352 353 355 356 357 358 359 361 362 363 364 365 366 367 368 369 370 371 372 373 374 376 378 379 380 381 383 384 385 386 387 388 389 390 391 392 393 394 395 396 397 398 399 400 401 403 406 407 408 409 410 411 412 413 414 415 416 417 418 419 420 421 422 423 424 425 426 427 428 431 432 434 437 438 439 440 441 442 444 445 446 447 448 449 450 451 452 454 455 456 457 458 459 460 461 463 464 466 467 468 469 470 471 472 473 474 475 476 477 479 480 481 482 483 485 486 487 488 489 490 492 493 494 495 496 497 499 500 501 503 504 
Cluster 2: 4 molecole - 7 64 255 377 
Cluster 3: 3 molecole - 8 13 436 
Cluster 10: 3 molecole - 41 193 430 
Cluster 8: 2 molecole - 24 201 
Cluster 9: 2 molecole - 30 429 
Cluster 11: 2 molecole - 44 433 
Cluster 16: 2 molecole - 92 498 
Cluster 19: 2 molecole - 140 226 
Cluster 22: 2 molecole - 195 453 
Cluster 26: 2 molecole - 234 443 
Cluster 27: 2 molecole - 240 382 
Cluster 28: 2 molecole - 242 462 
Cluster 34: 2 molecole - 289 491 
Cluster 35: 2 molecole - 294 478 
Cluster 4: 1 molecole - 11 
Cluster 5: 1 molecole - 21 
Cluster 6: 1 molecole - 22 
Cluster 7: 1 molecole - 23 
Cluster 12: 1 molecole - 60 
Cluster 13: 1 molecole - 61 
Cluster 14: 1 molecole - 63 
Cluster 15: 1 molecole - 88 
Cluster 17: 1 molecole - 107 
Cluster 18: 1 molecole - 118 
Cluster 20: 1 molecole - 144 
Cluster 21: 1 molecole - 158 
Cluster 23: 1 molecole - 207 
Cluster 24: 1 molecole - 224 
Cluster 25: 1 molecole - 233 
Cluster 29: 1 molecole - 247 
Cluster 30: 1 molecole - 269 
Cluster 31: 1 molecole - 270 
Cluster 32: 1 molecole - 271 
Cluster 33: 1 molecole - 282 
Cluster 36: 1 molecole - 295 
Cluster 37: 1 molecole - 332 
Cluster 38: 1 molecole - 354 
Cluster 39: 1 molecole - 360 
Cluster 40: 1 molecole - 375 
Cluster 41: 1 molecole - 402 
Cluster 42: 1 molecole - 404 
Cluster 43: 1 molecole - 405 
Cluster 44: 1 molecole - 435 
Cluster 45: 1 molecole - 465 
Cluster 46: 1 molecole - 484 
Cluster 47: 1 molecole - 502 
Diametro: 28
Costo MST: 1239.489 (439 legami)
